-5.45 0.10
2.07 2.85
-4.80 -7.31
-7.60 -1.55
8.49 -0.63
-7.58 -7.61
-6.57 -6.08
5.87 3.66
7.11 -7.92
-8.60 -0.72
-3.45 2.36
8.40 -2.85
-5.46 -5.72
-2.34 -2.42
-2.01 -8.69
-7.59 1.54
0.42 3.48
-5.61 4.61
5.17 -4.21
-6.93 3.66
4.16 -5.51
5.06 6.59
-2.59 0.93
0.25 -5.49
2.00 0.65
2.79 7.56
-6.99 1.19
-5.29 -3.45
4.48 1.37
3.13 -7.54
1.68 4.54
3.00 -7.90
-1.97 6.40
5.71 -6.80
-7.81 7.78
5.86 5.35
-7.73 0.92
1.94 -1.33
-8.15 -7.82
2.19 2.85
1.83 -5.02
0.41 3.84
5.18 4.12
9.39 -0.35
-4.51 2.52
1.12 6.17
-2.94 -5.88
7.28 4.09
9.52 2.99
6.29 -8.29
0.77 2.16
6.05 2.04
-6.92 -2.01
9.71 -6.07
-0.83 1.90
5.78 -9.00
5.88 -3.81
3.84 1.06
9.30 3.24
9.71 -5.21
-4.24 0.83
9.97 1.82
3.95 7.24
-4.09 3.46
0.23 -7.79
4.17 -9.00
3.37 0.22
2.04 5.45
7.21 1.75
8.37 -3.61
-6.35 4.15
-3.61 8.53
9.34 9.23
-0.42 8.64
2.47 -0.71
-6.56 7.23
9.12 -6.59
-0.95 3.07
9.65 3.96
-3.47 -0.12
5.17 9.70
-0.12 -1.46
-0.08 -8.08
-6.01 -2.86
2.67 -7.64
2.52 5.32
5.51 7.91
3.85 4.85
7.14 -6.57
3.49 -0.39
1.73 5.93
-3.16 0.85
8.34 4.89
-6.09 7.98
-1.15 -0.56
-2.13 -5.98
-0.86 6.75
1.56 8.06
7.67 4.55
-4.80 0.34
5.91 6.73
-4.33 1.42
4.64 8.52
-3.73 1.78
-8.05 8.77
-8.60 2.68
4.70 -2.76
-6.47 3.03
-7.87 -3.56
1.02 -0.02
4.88 7.88
3.00 -5.98
4.63 -5.43
-7.91 2.31
8.11 -3.71
-7.35 4.02
-6.99 -2.68
-4.56 6.65
-4.17 0.72
-1.56 -3.21
-0.52 -1.17
8.46 -5.82
5.07 -8.01
6.21 6.19
-2.57 -2.77
-3.83 -7.69
-4.89 8.18
-4.67 8.74
-7.26 -3.58
1.05 9.85
1.71 2.70
3.88 3.72
9.01 8.32
0.37 -5.16
-0.96 7.81
0.63 7.52
-3.36 -0.91
-8.31 -8.29
0.09 6.90
6.90 6.52
-5.87 -6.92
7.83 -1.76
-8.75 -6.84
-3.02 -7.01
-1.43 7.02
-7.15 9.28
-0.28 5.72
3.00 -1.27
4.04 -6.63
2.57 -6.92
-8.82 -6.80
9.59 -3.17
1.30 -8.71
-2.46 -8.62
7.19 -5.56
6.90 -8.68
-3.48 4.72
-1.44 -3.23
6.88 4.53
-1.24 -4.55
1.55 0.61
-5.27 -8.73
-3.66 6.73
-1.00 9.38
9.11 -8.42
-7.54 9.29
-6.22 -7.95
-3.89 4.08
-7.66 2.65
4.46 8.53
6.09 1.36
8.85 -7.39
-3.92 -2.59
-1.62 -7.04
-8.06 6.15
-2.58 2.50
-3.24 1.15
2.77 2.09
-2.12 -8.23
1.47 -3.01
-7.65 2.93
-3.72 -4.88
3.98 1.39
8.20 5.32
-5.96 2.66
3.85 9.13
-5.99 2.70
-8.26 -0.91
9.11 -0.88
1.06 -8.95
-4.73 7.47
2.55 1.03
-1.38 -4.68
-6.88 5.50
-3.92 3.59
-7.51 -2.57
-3.48 -2.24
1.55 9.50
8.15 -0.25
4.82 -7.80
-7.59 -1.32
-8.67 -4.58
-8.62 -7.93
3.52 9.49
0.19 -5.43
9.55 4.46
-7.95 2.09
-4.51 -0.33
6.41 -2.39
-4.83 -7.51
-8.80 -3.35
-1.08 -3.27
3.42 9.48
-3.77 1.57
-0.77 -8.95
2.77 0.64
-1.27 3.10
5.06 -0.89
4.17 -1.42
-1.40 -5.64
2.15 -1.85
7.83 3.20
9.24 -6.68
-7.13 5.65
-0.07 -2.97
7.14 0.13
2.69 -3.94
5.86 -3.89
-4.46 -7.91
6.68 3.77
-7.86 -0.55
-5.60 -0.13
-7.45 8.46
7.98 5.72
-2.96 -3.42
9.08 8.20
3.73 6.90
1.40 2.97
9.22 3.27
-1.38 -0.85
9.30 -4.24
8.28 1.99
0.82 4.14
7.10 5.36
5.23 3.78
-0.87 6.37
-6.77 2.53
-3.76 -5.22
1.00 -5.78
9.49 7.04
-0.20 8.57
5.24 -6.47
5.48 -3.36
5.50 4.70
8.91 -5.88
-6.16 8.21
-1.12 -7.88
0.20 8.71
5.26 -2.70
4.07 0.48
-8.92 -6.80
-3.15 -6.70
4.73 2.09
-2.92 -4.28
5.30 -3.43
-7.23 -4.90
-4.86 7.01
-2.36 9.62
-6.35 -6.86
4.31 -7.44
-3.74 7.16
9.77 4.14
8.28 -0.02
2.85 3.54
6.28 -3.09
-5.98 6.35
-0.89 -0.13
8.66 -6.17
-8.04 -4.26
-1.44 6.26
1.31 0.32
-8.63 5.45
-2.67 -2.00
5.07 -0.02
0.14 -0.62
1.54 5.40
-3.46 1.31
-0.46 -5.18
-8.71 -7.62
7.36 6.56
-1.70 -8.62
2.92 6.40
0.25 1.57
9.24 1.21
6.31 -2.20
-2.53 -2.38
7.12 -2.17
-6.93 -5.55
4.84 7.14
3.43 -5.03
-3.48 -5.03
9.37 2.06
5.28 -1.09
5.88 5.57
0.29 3.24
2.13 7.59
3.62 -4.95
3.99 -6.14
5.62 3.23
4.07 1.93
-8.98 -8.46
8.55 7.14
-1.63 -8.38
-8.41 -6.79
7.76 4.03
-2.81 -5.71
8.00 -3.44
5.35 3.28
4.47 1.23
-1.15 -5.24
-5.53 9.98
-7.65 7.09
-4.97 5.34
9.95 9.66
-1.44 4.03
1.59 -1.41
4.57 0.14
-4.27 -7.06
0.77 -3.68
-4.85 -1.47
9.35 1.34
1.82 7.35
6.89 -2.83
0.62 1.36
7.40 8.47
5.12 -8.12
8.46 6.46
7.97 -6.51
1.80 7.92
-6.85 9.36
1.95 3.74
-2.05 -3.49
-6.12 2.68
-1.55 3.65
8.00 2.60
-7.82 7.35
-6.06 3.00
4.70 9.83
9.16 -4.68
1.20 6.57
-6.20 -3.69
7.44 -7.75
-7.22 5.41
-5.26 3.58
3.33 -3.11
2.94 -4.73
9.62 9.89
0.79 -6.50
2.57 8.24
6.15 0.57
0.84 7.33
-2.08 3.78
0.33 -7.38
3.62 -0.51
-3.06 -5.19
-3.94 -0.26
0.13 -6.50
0.99 1.91
7.91 4.73
-4.51 1.24
-8.38 7.43
5.51 -8.75
7.32 -3.70
-6.25 -0.12
-5.47 8.90
9.45 4.38
6.23 -2.62
-1.84 -3.44
-1.00 -8.22
5.05 4.94
-4.41 -8.90
-5.32 4.72
-6.40 4.68
-3.38 -8.49
-0.59 1.11
1.75 0.03
-1.46 -2.74
0.27 -4.15
2.55 3.02
4.74 6.09
1.93 4.19
0.47 -1.84
-8.43 7.63
3.71 -0.43
8.40 -1.24
-5.49 -6.01
-1.13 -1.80
7.71 1.47
-7.13 -5.67
1.98 1.28
4.44 -6.27
-8.69 -7.03
-0.01 0.59
-2.17 -7.46
-6.39 -7.44
7.63 4.54
5.75 -1.90
-7.30 6.32
-4.28 5.41
-4.11 -5.87
-5.83 -0.59
-2.89 2.04
6.61 -5.18
-6.49 8.48
-1.85 4.49
-0.23 -7.41
7.22 0.08
-5.44 -2.79
9.67 1.38
-1.25 -6.72
2.95 -3.61
6.82 -1.30
3.49 8.52
-4.98 8.21
3.93 -0.08
-7.66 7.10
8.32 -1.55
-0.86 4.93
2.27 1.64
3.41 9.42
-3.87 -6.82
-7.99 -6.64
2.26 -4.43
-0.43 1.92
5.95 7.32
4.20 -1.10
-6.29 1.02
6.60 6.19
-0.46 -8.38
4.41 -6.54
0.53 5.74
9.56 -1.14
-5.80 -1.30
-6.21 5.47
9.34 6.20
4.89 -4.52
8.38 5.90
-2.17 0.63
-8.54 6.40
-7.44 6.41
3.72 5.76
-4.69 6.42
-3.21 -8.10
2.62 5.32
-7.48 -2.98
7.79 2.05
-7.23 7.35
9.91 -4.04
-3.95 -6.30
-8.57 -4.61
8.90 5.32
-0.14 7.28
1.22 6.69
-2.09 1.68
3.09 -0.53
-1.91 -3.19
-4.77 2.40
-6.77 1.02
3.31 4.85
-3.66 4.83
-8.13 -5.87
-3.12 -6.36
-8.52 -3.21
-1.40 -3.48
-0.51 -0.96
0.91 -1.61
-5.64 9.77
-4.33 4.58
6.47 2.58
-3.74 -0.44
-7.95 3.36
5.36 -3.71
-4.24 7.59
6.30 8.06
2.44 -7.36
2.89 3.31
-4.23 8.77
5.95 -3.75
-4.43 -5.44
1.77 4.06
2.59 -7.32
-7.54 5.95
-7.55 -2.87
0.53 7.92
8.72 5.79
-2.52 9.77
-0.85 -7.16
-3.94 3.90
9.43 -7.64
1.97 1.88
-6.00 -5.14
-4.81 -1.23
-6.36 -8.85
4.02 -1.79
-5.30 -4.21
-7.73 6.30
-2.53 -6.27
2.25 -1.07
-0.14 -7.22
-3.15 -1.43
7.57 3.32
-1.66 -3.29
5.16 3.40
9.62 4.60
4.76 1.59
-3.53 7.76
5.45 0.67
-3.47 8.09
0.81 9.55
-3.71 4.52
-4.66 -2.44
0.81 1.82
0.29 -6.94
9.74 9.14
-5.17 -3.41
-2.28 -7.60
8.91 5.06
-1.89 4.08
-1.54 -2.27
-1.33 -6.78
8.32 4.15
9.98 3.77
-5.18 -3.49
1.85 4.63
-3.94 7.15
-0.86 0.40
-5.29 8.96
-7.78 3.99
-7.99 -8.04
3.14 -4.15
-2.45 9.86
-2.75 -3.54
4.92 4.36
9.54 -6.62
-7.91 -1.79
-4.40 9.41
-7.64 -4.42
3.18 -3.82
1.09 -4.97
9.81 6.15
-7.82 -1.05
-3.45 -4.11
-2.09 -2.24
8.88 -1.08
-1.28 2.02
3.77 5.27
1.87 -8.98
-8.27 -3.21
4.38 -8.73
-0.83 5.48
-1.51 3.77
4.89 -0.15
8.35 -1.93
5.03 -0.56
2.10 4.83
-4.42 3.28
-6.21 1.13
8.16 0.70
7.89 7.04
8.62 -3.39
-0.94 2.39
-8.11 9.94
2.41 -7.38
-3.27 -3.21
-7.11 4.90
-7.73 0.38
-1.32 6.16
9.22 -2.97
-5.78 4.25
5.46 5.32
-0.91 -8.95
-1.40 1.87
1.18 -3.23
-7.43 -0.93
-6.19 -8.82
4.68 1.87
2.57 5.57
1.81 -5.02
7.19 7.54
0.78 9.08
2.44 2.04
-0.54 -8.88
-1.80 -1.32
-2.85 1.42
-7.07 -7.39
-3.25 1.02
-7.34 4.35
-7.11 2.83
-8.89 -5.55
-8.10 -6.08
