-7.01 -4.09
-1.95 -5.75
7.73 8.91
1.92 -1.66
-2.04 -3.05
-0.04 -1.91
-0.45 -2.65
2.09 -0.82
-0.65 -3.99
-7.26 7.92
6.53 -5.75
-2.82 -6.94
1.53 -6.62
-1.31 0.17
-0.92 3.74
3.76 6.04
9.69 -6.28
-5.87 -0.76
0.08 5.22
-6.70 -3.24
-4.93 -4.96
-5.32 -8.40
-1.71 0.86
-6.34 8.82
3.24 9.23
-7.40 5.36
7.79 0.29
-4.47 9.61
5.71 3.61
3.35 -0.53
-0.34 3.04
2.19 2.79
-7.73 -7.73
-1.99 8.68
-8.66 0.31
4.36 -0.87
-3.99 -7.35
8.99 -1.33
-8.53 2.23
-2.10 -6.94
-2.41 -4.31
2.35 2.12
-4.70 -1.94
-4.26 7.65
6.53 4.39
0.69 -1.27
-2.82 1.96
-0.00 4.20
0.64 0.33
-5.49 5.09
4.74 7.86
-5.78 9.75
-1.58 9.98
4.44 5.32
-6.96 -7.97
-8.99 4.39
3.15 -4.69
-3.29 8.46
2.66 4.24
-3.96 6.16
-0.67 9.78
4.03 2.54
9.53 3.54
4.75 -2.05
-6.73 5.56
0.21 -6.72
-8.76 -0.45
0.98 -4.20
9.04 5.84
5.62 2.83
9.91 5.15
-3.63 4.66
-6.15 -4.63
-6.22 -5.80
-1.82 -5.02
8.30 8.16
-0.23 -0.90
-8.21 -1.19
6.18 9.56
2.42 6.09
0.75 6.80
6.69 3.60
-7.83 1.14
-3.34 -1.19
4.55 -7.93
-6.95 -0.64
6.73 -4.17
-0.20 0.86
8.96 -6.13
-2.61 -6.10
-6.54 4.88
8.66 7.16
-6.05 4.05
0.82 4.98
0.38 9.63
-4.16 2.46
8.20 -5.19
5.32 -4.42
-2.29 7.79
2.67 -3.20
5.21 -8.71
3.72 7.22
-4.12 8.39
-2.72 4.61
-5.33 0.47
-7.07 2.04
6.62 -8.97
5.04 -5.23
2.06 -4.21
8.00 -2.12
-7.51 4.02
2.05 -7.94
9.51 -3.73
2.98 -5.94
-3.77 -4.97
-1.15 -6.96
2.08 9.22
7.94 -3.95
-8.20 -3.84
-6.31 2.85
-2.77 -0.15
-3.17 9.32
-0.67 7.06
-0.96 -1.16
7.55 5.30
-4.41 -6.23
-4.19 -0.85
5.95 -7.98
-5.98 -1.96
-8.76 -8.04
3.09 -7.95
-2.88 5.78
3.90 3.35
6.79 -8.29
-7.20 9.12
-8.73 -2.06
-7.09 -5.44
-4.42 0.05
-4.10 -4.18
1.01 7.99
-3.13 7.13
6.77 -0.41
7.42 2.31
-1.39 -7.75
10.00 -0.75
-5.83 -6.62
1.46 5.93
3.91 1.89
-8.52 7.41
8.77 2.51
2.89 1.25
-2.92 2.89
9.50 0.25
5.27 0.09
-8.13 5.65
9.76 5.83
-4.87 -0.62
2.67 7.27
-3.56 -2.49
-7.23 4.67
9.60 -7.78
6.87 6.11
-0.64 -5.48
-4.74 3.49
5.26 -1.20
4.07 9.02
-8.36 3.67
-2.84 -7.88
-7.17 6.92
-5.56 -3.24
3.64 -1.65
0.91 -2.55
-0.11 -8.21
-3.22 3.63
5.61 7.21
4.10 -0.20
2.25 9.90
3.11 -7.25
7.12 0.41
1.42 3.87
-7.95 9.65
5.17 0.98
9.78 7.12
8.12 -8.01
8.93 -7.18
6.93 -1.38
5.86 8.58
-2.15 2.86
7.85 6.02
4.65 -3.26
-2.27 9.85
7.72 -3.04
0.46 1.19
8.81 -0.62
5.40 4.81
8.98 -2.12
-2.27 -1.11
-5.26 8.55
3.36 8.34
7.08 7.81
-6.74 1.02
6.56 -6.49
-4.64 -8.71
9.43 4.42
7.61 4.03
-6.83 -1.32
-1.49 -4.09
-2.37 -8.85
4.72 6.23
6.14 0.39
-7.77 -6.94
-5.34 6.55
-3.05 -5.23
2.62 -2.40
7.75 -0.50
6.01 1.50
9.17 8.56
3.82 -3.89
1.22 -7.75
0.76 3.94
-8.07 -3.10
-8.68 -6.42
-8.85 -5.18
0.99 8.73
8.85 -8.26
9.25 -5.29
8.72 0.91
1.34 -5.85
3.21 2.30
-0.83 4.94
-1.23 7.91
-8.49 1.35
9.81 1.64
-7.47 3.19
3.18 -8.86
-8.04 4.68
4.55 -4.20
1.81 0.61
0.43 2.41
7.79 7.42
3.44 4.29
1.90 8.47
2.40 4.99
2.41 -5.21
4.86 9.45
-2.00 6.22
5.72 7.88
1.16 -3.27
1.32 1.86
0.24 -3.62
-7.40 0.43
-1.12 9.12
4.15 -8.67
-5.11 4.26
5.67 -6.33
7.96 3.05
-6.14 6.34
0.00 7.94
3.30 5.26
-2.01 4.27
1.01 -5.05
8.64 4.22
1.37 -0.85
7.99 -7.08
9.68 -1.67
9.92 -5.13
4.20 1.17
-1.15 -2.72
-5.51 7.32
-1.51 7.01
0.87 -8.57
-6.48 -6.54
5.51 5.49
6.83 1.56
7.58 -6.41
-6.16 -8.91
-3.96 3.19
-8.16 8.88
-3.36 -8.70
-1.20 2.00
5.68 -1.86
-2.39 0.76
-6.04 1.91
-1.58 5.24
5.54 6.50
8.21 5.23
1.59 -0.11
1.75 7.04
-0.30 2.24
-7.86 -4.86
-7.93 -5.66
-4.94 1.78
3.00 0.22
-8.55 8.18
-1.00 1.01
5.69 -2.91
9.68 -6.98
6.35 -2.85
-8.00 -2.15
-3.70 -6.22
6.95 -4.91
6.00 -3.90
-0.68 6.13
9.53 -2.97
8.74 -3.51
9.56 -8.57
-6.59 0.04
8.69 3.22
-0.25 -4.82
8.48 9.79
7.01 -7.27
9.45 2.52
-2.67 -2.17
-8.01 6.74
-8.83 9.22
9.18 9.49
8.70 1.72
7.72 -1.20
4.32 -6.41
9.20 5.12
4.08 -5.24
3.55 -2.60
-2.91 -3.17
4.90 2.10
-4.05 0.97
4.22 4.21
4.08 9.91
0.34 3.15
-2.21 3.56
-6.25 -7.66
9.83 9.27
-5.21 -5.83
2.70 8.28
-5.39 3.20
2.89 -1.56
-5.42 -7.33
7.05 9.62
0.50 -7.52
6.94 -2.08
-1.04 -6.25
2.26 -6.53
7.99 1.26
7.13 7.07
0.73 6.01
7.06 -3.47
-0.78 -8.52
-4.34 4.66
1.05 9.40
-8.96 3.01
2.93 3.06
1.41 3.22
3.82 -7.23
0.23 8.60
2.00 -8.77
5.30 -8.03
-4.90 -3.74
8.02 -8.95
4.56 7.08
4.60 -7.07
-6.06 0.89
-8.75 -3.06
-3.02 7.79
6.28 -1.12
-6.76 9.82
-2.02 2.05
6.75 2.49
-3.35 -4.01
-4.22 1.66
-3.71 -8.01
-4.54 -2.80
4.77 3.39
3.66 -6.19
6.40 7.64
-8.55 -7.15
-2.08 -7.76
-6.83 -4.78
-1.96 -2.26
-4.60 5.41
2.00 -3.33
-1.00 2.91
9.57 0.98
-8.77 -8.90
-4.01 -1.81
-0.46 -0.05
1.68 4.90
-3.07 0.83
-4.65 6.67
8.57 -2.85
-6.84 -8.79
7.82 9.60
-8.97 -3.98
9.35 7.85
9.38 -4.47
-8.88 5.11
-4.66 -8.04
8.80 -9.00
-3.53 0.15
3.99 0.47
0.54 -0.48
4.02 8.30
-8.81 9.97
-6.82 -2.44
-3.71 5.35
-7.77 -8.65
-0.32 1.57
0.12 -5.73
-8.84 6.65
-6.39 8.00
5.87 -5.25
6.55 8.66
6.21 5.71
-6.74 3.57
2.09 1.40
-3.54 1.70
2.97 -3.97
-6.16 7.04
-4.70 -7.02
4.80 8.57
-8.26 2.93
3.07 9.92
-7.87 2.16
-7.77 -0.34
0.24 -2.91
8.56 0.19
5.25 -7.33
-1.65 -8.45
1.77 -2.37
-0.82 -1.84
0.06 5.92
-2.00 -0.04
-3.58 10.00
6.22 -7.30
9.99 9.99
-3.85 -3.17
-5.98 -3.97
-0.17 -7.45
8.61 -4.54
6.04 -0.36
-4.08 4.00
5.00 -6.25
9.87 8.55
7.36 -5.56
-3.98 6.97
-8.79 5.94
-3.02 6.45
8.45 8.89
3.10 6.07
7.47 -7.97
0.02 7.26
5.95 -8.88
-5.28 2.47
1.13 1.00
-2.33 7.10
8.25 -6.19
-1.61 -1.41
-7.08 -7.32
-0.48 -3.33
8.54 6.50
5.78 2.15
-8.86 -1.24
0.13 -8.95
-7.55 -1.48
-0.45 8.92
-1.16 -4.82
0.86 -6.82
6.27 6.85
1.84 7.72
-7.27 -6.25
7.04 -2.80
6.89 5.24
2.05 -5.86
2.33 -7.22
5.05 4.09
2.17 3.49
-1.35 6.08
3.81 -7.89
1.30 2.53
2.31 -0.10
-6.92 6.26
-7.41 -3.42
6.05 -4.55
7.31 -8.94
-5.37 5.88
3.84 -4.56
-5.13 9.63
5.33 -3.61
0.07 6.59
-5.33 1.13
5.53 9.56
-1.35 -3.42
7.82 6.69
9.82 -2.32
