6.05 -1.10
-0.50 -2.21
-1.21 -1.62
-4.45 4.75
-2.82 -4.98
-2.42 6.52
-1.20 -8.53
2.22 4.83
0.34 6.65
-3.02 -8.19
0.21 7.89
6.57 5.21
1.24 -3.15
3.13 0.13
6.34 6.81
9.80 2.38
-4.28 -0.70
9.18 3.50
6.68 -5.28
-1.74 -6.14
-1.26 4.84
9.38 6.54
5.30 1.60
1.38 -4.36
-1.75 7.36
-3.55 7.46
5.25 -6.98
2.67 -3.52
-1.13 -4.20
5.62 -4.79
-7.39 5.41
6.60 -2.67
-5.29 5.77
9.83 -8.61
9.50 -1.91
-5.76 -1.77
-7.07 -6.38
-5.22 7.23
4.22 5.15
-7.13 -7.53
2.51 -1.68
0.34 1.61
3.24 8.21
-6.58 8.02
-5.73 9.02
-4.65 -2.02
4.79 -4.81
2.28 1.61
-7.48 4.21
4.23 -3.71
1.44 -1.55
-8.56 3.31
-0.08 2.95
-8.38 -1.15
9.71 0.96
-0.83 5.87
-8.20 1.59
3.89 -4.93
2.05 -4.60
-6.58 9.42
8.68 4.70
1.02 -8.80
-3.50 9.34
2.65 -7.38
0.48 8.60
-5.77 -0.06
1.55 2.40
-4.20 2.35
6.42 3.60
6.92 -1.53
8.00 9.34
4.04 7.91
6.89 -7.05
-0.68 3.93
-2.80 -3.03
-3.18 0.43
-7.17 -8.30
-0.28 -4.18
9.39 -3.87
8.43 6.31
3.60 6.43
5.66 -8.51
8.40 0.01
2.39 2.93
-3.14 1.92
-1.07 3.06
7.89 4.75
-6.51 3.79
4.49 -8.17
0.14 3.89
-3.04 -1.44
0.20 9.57
-5.01 -4.14
-8.94 7.11
-2.89 -3.80
9.01 8.50
9.22 -5.02
-5.15 1.53
4.84 3.99
-4.59 -8.19
-8.63 -3.45
2.33 -2.50
-7.68 7.69
-8.06 6.54
7.90 7.97
0.56 -7.24
5.75 3.91
-1.48 -3.42
-7.99 -4.11
-6.21 -6.43
2.82 -5.28
7.25 3.75
-8.74 5.16
1.72 0.82
6.92 -8.79
5.22 2.67
-3.00 2.83
7.90 3.64
5.82 -3.71
0.01 -5.45
-7.62 0.27
3.31 5.30
-1.71 -2.56
-0.92 -7.28
4.74 -1.55
3.33 7.31
-6.40 2.90
6.78 2.61
6.45 8.16
1.26 -7.03
0.78 -5.42
5.34 9.09
6.79 -0.55
-8.19 9.35
-8.73 -6.63
9.63 5.62
-8.94 8.25
-6.63 -5.12
8.30 7.25
3.60 -8.13
1.15 4.40
1.65 7.74
-4.93 -5.93
-3.49 4.44
-8.77 -8.30
-7.85 -7.31
9.94 7.83
4.16 -6.69
-2.00 -8.99
-4.83 -3.35
8.85 -0.76
-6.32 4.97
-4.55 -7.35
-4.85 9.49
7.32 7.01
-2.60 9.03
4.99 9.93
-7.95 -2.87
-4.74 8.04
8.19 -5.95
8.99 -7.88
2.93 3.98
-7.99 8.60
-7.00 6.38
-6.05 -2.74
9.59 4.30
-1.27 8.58
2.56 6.48
5.54 5.53
-6.45 -7.54
-5.71 -4.00
-3.96 -8.91
4.18 3.96
5.08 -3.59
-8.67 0.20
-5.30 4.46
-6.03 0.90
8.21 -3.48
1.35 6.67
-3.47 -5.41
-4.05 8.14
-0.61 6.57
-5.81 6.55
4.17 -0.43
5.09 6.99
9.32 -6.53
8.25 -1.64
-6.91 0.23
3.42 -2.28
-7.39 -1.49
-3.17 -6.85
-2.00 1.59
-6.73 2.06
0.15 -8.20
8.99 9.92
-1.12 2.35
-0.15 4.77
-4.04 -6.23
-5.38 -5.01
8.71 1.16
8.75 -8.66
9.98 8.90
0.06 0.33
5.75 -0.07
6.58 4.38
2.18 -6.53
3.18 -6.04
-2.69 -2.12
-4.32 6.78
8.09 2.34
4.92 0.24
7.13 -4.09
-5.29 -8.29
4.97 -5.55
-1.85 2.66
0.62 -0.90
-3.99 3.50
-8.65 -2.35
-2.22 0.92
-3.52 5.14
0.99 0.76
-6.55 -1.10
-0.80 -0.62
-3.98 -0.02
5.68 -1.75
1.12 -6.23
5.57 4.76
7.42 5.70
0.68 5.89
2.36 -0.64
9.30 -0.09
7.93 -4.38
3.32 -0.57
7.79 -0.82
-1.92 5.03
6.78 1.57
-8.09 -8.82
-6.38 -8.21
3.44 2.13
-7.39 2.03
-1.38 3.95
-1.28 1.56
-2.51 7.21
-5.11 -0.22
0.41 -1.68
3.68 3.09
-1.88 9.91
2.35 5.71
8.85 1.86
-8.75 -5.96
2.05 -8.56
-0.74 0.87
5.35 0.92
-1.19 9.98
-7.67 -0.50
-6.81 -2.15
-3.50 1.21
4.82 6.17
-3.64 6.45
3.82 -1.37
2.27 3.76
-0.94 -5.91
3.67 -8.91
-6.50 8.76
6.38 -7.79
3.33 -3.33
-1.98 -4.57
2.57 8.09
-0.37 1.60
7.85 1.50
-6.00 -8.89
5.01 -0.65
2.76 0.80
-2.82 9.81
-2.24 4.02
1.52 8.74
-5.62 3.32
7.33 -7.73
-4.39 1.39
4.52 -2.66
-4.05 -2.98
-8.75 5.95
-5.96 1.81
5.93 2.71
-7.55 3.03
4.49 3.05
8.33 -5.04
6.55 9.53
4.18 1.81
8.29 -7.98
-4.98 2.22
-5.70 8.15
-8.63 -7.49
2.13 -5.33
-7.23 -3.92
-5.51 -7.50
3.11 4.64
2.57 9.17
7.97 -2.82
8.63 -6.90
-8.96 -4.27
3.74 1.00
-0.95 0.18
8.92 -5.81
-3.26 -0.56
3.41 -6.89
-7.02 1.35
-3.78 -4.01
-2.26 -7.25
6.19 -6.63
-3.05 -6.13
4.00 9.27
5.82 -2.97
1.49 3.44
2.07 9.99
7.35 -5.73
0.70 2.92
-4.64 5.77
7.28 -3.32
1.67 5.65
7.12 0.71
-0.14 -6.93
4.87 -8.87
6.13 1.34
1.28 -0.39
-2.32 -0.39
9.89 3.63
9.64 -2.81
-5.31 -0.88
4.78 8.42
-2.01 -5.37
-8.13 -5.12
1.29 -7.92
8.92 5.36
-2.14 8.22
-1.55 5.70
-8.62 0.89
-5.07 0.69
-0.19 8.55
0.22 -3.43
-1.97 -7.92
0.87 7.53
2.83 -8.33
-3.83 -7.82
7.21 8.87
-8.92 9.06
-5.92 7.44
-0.57 7.66
-2.66 5.58
-1.58 -0.65
-0.14 -0.98
-3.90 -2.06
-4.63 -4.97
-0.77 -3.28
-1.12 -4.88
5.61 8.13
9.98 -6.59
2.39 7.13
-3.90 -6.97
-3.16 -8.96
2.27 0.15
1.55 -2.38
-7.02 7.32
5.65 -5.95
-1.92 9.01
-8.71 4.23
6.12 2.06
-8.88 -4.97
-2.61 4.75
7.81 -8.71
-7.30 9.62
0.63 -2.38
8.11 8.65
-3.85 -4.76
-0.35 -8.91
-8.87 9.86
5.65 9.76
-4.73 3.46
-8.75 2.61
-1.91 -1.56
1.37 9.96
-4.19 9.88
-7.87 -6.13
-7.29 -3.21
3.15 -4.19
1.32 1.64
9.66 -5.84
8.72 -4.15
1.98 -3.56
-5.75 -5.70
-5.03 6.56
-6.24 5.81
-6.51 -3.90
-4.16 0.71
7.12 -6.40
9.74 -0.93
-5.17 5.12
-7.31 8.61
9.02 7.22
8.85 2.60
-2.92 3.77
-0.03 5.63
-2.86 7.97
4.00 -5.63
8.09 5.54
7.19 7.84
-4.48 8.84
-0.73 9.31
3.22 9.85
6.40 6.06
9.96 -7.78
3.28 9.15
4.43 1.03
0.58 -4.46
0.96 5.17
8.03 0.73
4.43 6.98
9.28 9.19
4.84 -6.23
-7.46 -5.18
-2.13 -3.81
-4.14 -1.36
0.11 -6.22
3.95 0.30
1.95 -7.44
5.66 -7.78
6.48 8.88
-7.88 -2.20
-7.86 -8.03
9.98 -0.21
4.08 -7.44
-0.95 -6.60
-0.16 2.28
-1.65 6.58
-5.68 2.65
7.80 -6.61
-6.81 -0.43
7.60 -0.17
-5.35 -8.99
5.51 6.30
-1.60 -7.06
-0.54 -7.94
9.87 1.66
9.93 -4.83
6.41 0.33
7.27 -2.37
-5.82 9.99
-7.17 -8.98
6.47 -4.09
4.77 7.70
4.68 9.28
8.65 -2.53
9.74 9.90
-5.17 -6.59
-8.93 1.60
4.06 8.58
6.60 -3.37
-8.06 5.84
6.44 7.48
-1.66 0.19
7.31 6.36
4.05 9.95
7.24 9.66
6.45 -5.94
-2.40 -6.20
4.88 5.03
-3.06 -7.54
7.43 2.27
7.63 -5.05
3.16 -1.56
-5.27 -2.68
0.32 -8.97
-8.04 5.03
-8.82 -0.48
-3.39 8.64
-3.74 5.79
-4.64 -8.94
2.39 2.28
1.46 -5.41
7.58 -1.48
-1.53 0.89
-7.68 0.93
9.61 4.95
0.84 3.61
8.14 2.99
9.29 -7.20
