4.67 -6.21
9.26 9.29
9.21 6.97
2.47 0.46
1.96 -0.46
-6.72 -8.68
7.10 5.80
0.23 8.11
0.54 -8.17
0.90 -8.81
-4.80 -0.05
3.05 -0.70
-8.45 -6.44
-7.51 -8.45
0.64 0.90
-3.81 -4.70
3.69 -4.56
-5.41 2.91
-7.58 6.07
-6.63 3.38
-4.40 -4.35
3.70 -7.30
-8.55 -6.07
9.80 0.99
-5.25 0.71
1.18 -1.04
9.65 -5.77
7.26 -8.80
-3.21 8.75
-8.25 6.43
-0.35 -3.07
-8.26 -6.66
1.38 -4.67
5.25 2.79
-8.61 7.63
-3.83 -4.00
-6.72 8.87
-2.31 -6.27
-7.20 -2.50
3.72 -3.45
7.21 -5.10
4.51 6.86
-1.87 1.77
7.06 3.92
0.52 7.81
0.36 9.17
-5.26 1.09
-7.48 5.12
5.42 6.77
-2.09 5.81
4.40 3.09
-8.19 6.67
1.96 -1.50
9.40 3.76
5.00 3.13
9.32 2.21
7.02 3.83
-0.93 -4.84
-4.40 -3.87
8.08 5.12
-6.07 -1.56
4.29 -2.32
8.53 5.81
-7.20 3.95
2.58 -0.29
-0.23 -3.02
-7.20 0.58
-6.35 3.76
8.08 -6.94
-2.48 3.08
5.18 -3.16
-4.71 2.21
9.66 3.35
6.36 -4.74
8.48 4.45
9.38 -7.59
-7.12 3.68
-0.91 -8.59
-0.51 0.88
4.36 -7.93
9.59 -5.87
-1.94 -7.61
3.70 0.71
5.15 1.78
2.77 -7.33
-5.14 -2.05
-1.50 -0.85
9.16 -1.83
-7.50 5.52
2.43 9.97
-0.03 1.81
-7.62 1.85
-4.51 0.47
2.26 3.98
-8.65 -3.37
5.06 9.94
-0.25 -6.89
-7.67 -6.55
2.82 6.48
4.24 -4.41
8.15 8.10
2.54 -3.35
-2.76 1.70
3.82 -1.26
-2.77 -3.75
-1.29 6.20
7.06 0.09
-1.95 -7.45
9.56 9.31
5.53 9.91
-4.06 0.59
9.85 4.69
2.70 -7.82
7.15 -4.47
7.66 1.38
0.12 5.80
-0.52 -7.34
-7.55 5.72
3.37 5.27
-5.54 9.60
-8.49 2.17
5.80 7.57
-7.73 -6.15
9.13 -8.17
-6.84 4.66
-8.26 -1.90
-4.75 -8.41
-7.20 6.96
-7.24 8.94
-7.52 9.42
0.33 1.60
5.22 8.81
3.27 6.67
4.53 -3.36
1.94 7.99
-3.76 2.45
0.16 -7.97
0.03 1.43
-5.12 -0.85
2.26 -2.95
-6.19 3.00
4.15 -1.94
3.58 5.95
-4.98 5.35
4.89 -3.50
4.77 -4.78
7.11 -0.01
-5.97 0.38
-3.34 7.56
6.02 7.60
5.55 -7.75
0.06 -4.29
-6.71 9.08
6.14 -2.83
-1.76 -1.60
3.22 1.05
-8.61 -2.63
8.12 3.98
-6.68 -6.86
-0.68 7.22
-1.36 -5.91
-7.56 -4.25
3.08 -4.53
5.13 8.74
-6.98 1.14
6.34 7.57
2.39 -3.60
-6.72 4.68
-4.52 8.42
-8.15 2.72
-3.19 4.07
-6.23 -2.79
-8.56 -8.11
-8.82 -6.24
-5.98 -0.49
9.98 1.66
2.60 -7.58
6.41 -4.32
-3.12 1.54
-5.58 -1.09
-7.32 9.76
-3.52 4.07
-3.85 -1.25
-1.25 0.63
-2.83 -0.40
-6.65 2.98
-6.34 -3.87
9.19 -5.90
-2.99 9.38
-3.14 0.04
-1.12 -3.16
-8.30 -8.52
-1.74 7.11
-3.84 4.14
-1.36 -0.43
-6.95 0.32
-0.67 -1.48
-5.61 4.48
6.27 2.14
-4.89 -6.56
-8.27 -2.53
5.43 -5.60
2.59 4.62
-2.50 8.61
3.99 3.36
-1.36 -7.12
9.20 -0.66
-6.64 -2.55
-3.55 -1.48
-8.41 4.09
7.09 -6.36
-5.59 -3.58
1.16 -2.20
9.90 -2.57
8.94 -4.98
-0.12 9.67
1.48 -4.70
-5.93 -5.92
8.92 0.57
-7.32 2.92
-6.08 0.33
4.79 -6.88
8.67 7.15
-0.42 -4.88
-4.33 0.17
8.21 -7.24
2.81 -7.38
-1.82 -6.03
-0.58 -1.92
0.40 -1.63
2.10 9.27
-1.96 -6.42
-5.42 1.11
-3.34 -6.50
-8.32 -1.66
5.41 -5.40
7.67 0.20
-3.28 6.34
-2.64 5.30
-8.54 2.03
-4.53 8.66
3.79 7.27
-8.71 -8.03
-8.76 -0.29
-0.95 0.64
7.08 -8.85
-0.09 -4.88
-6.27 3.49
5.23 -0.61
5.98 5.90
6.73 1.39
9.50 4.40
-8.40 -3.77
0.74 -2.05
-8.47 1.20
8.98 -4.00
-0.14 2.77
-6.73 0.15
3.74 -6.49
8.86 -7.21
3.15 5.93
-7.06 -6.94
-8.95 -4.34
5.54 5.27
4.05 1.53
1.18 0.78
-7.08 0.68
-4.82 -6.49
5.91 4.92
0.47 6.44
-3.88 -0.55
-7.57 4.98
-7.78 -5.29
-4.88 4.96
-2.78 -6.02
6.75 9.37
8.91 8.68
-7.57 8.96
-5.65 6.97
4.23 7.39
-1.50 -4.59
-1.83 0.41
5.09 2.35
2.93 1.00
-2.73 -6.60
-2.57 2.39
1.85 -1.13
-2.64 3.07
2.57 1.48
-1.97 8.79
4.46 -5.22
8.16 3.37
-6.54 9.59
2.33 -3.19
6.56 -3.45
-5.80 -4.94
0.96 1.37
4.47 -3.95
-6.28 -2.60
6.04 -0.00
-0.20 -6.53
-7.61 -8.35
1.34 -1.25
3.72 -6.08
9.23 -8.25
-7.29 3.69
-4.47 9.87
-2.94 -2.01
9.46 8.39
3.80 6.02
-5.06 7.00
-8.92 4.90
-1.63 4.55
9.95 1.09
-8.05 5.99
-8.91 0.75
8.47 -7.52
1.40 -0.19
0.23 -4.88
2.73 -0.54
-4.12 4.44
-6.84 0.41
4.31 -0.78
7.40 3.77
-2.39 1.19
-0.21 1.55
-1.81 -0.13
-3.54 5.56
-5.58 -3.59
-3.34 -4.63
-7.60 -3.25
5.13 9.87
-1.77 -3.47
-0.32 7.45
0.65 -7.60
-3.09 5.53
5.84 -0.93
-4.06 0.16
7.29 -6.67
-6.07 -5.10
3.53 2.72
5.45 -8.28
-7.40 -8.09
6.28 -3.98
-2.68 -7.06
0.39 -1.28
-1.32 -4.48
-1.42 5.91
1.05 7.26
3.36 -8.30
8.66 9.28
6.23 4.51
-1.65 -7.83
-5.34 -4.37
-5.50 -2.41
-0.47 7.03
9.32 -5.02
7.75 -8.09
-4.11 4.03
-3.07 2.21
5.96 6.32
9.92 -5.35
-8.16 -1.50
9.56 1.89
-4.24 2.92
2.59 -5.57
2.20 -1.17
7.93 9.54
-0.01 -7.40
-4.82 3.50
-0.81 3.71
0.53 -1.49
7.69 -1.73
-0.58 -6.42
-7.70 5.35
4.79 7.26
1.67 4.71
-8.09 2.52
-6.79 -8.53
-5.59 -2.02
3.39 6.00
1.40 -4.41
-5.17 -0.66
-4.87 3.82
0.93 -0.70
-2.68 9.12
-6.99 6.84
-2.37 9.70
-4.88 6.05
-6.71 -3.58
1.39 7.08
-6.32 -6.93
1.79 -5.40
4.58 4.00
-4.93 7.99
-8.02 7.46
3.99 2.38
-6.95 7.82
-8.28 -2.83
1.64 1.65
5.48 7.96
0.78 7.49
4.81 7.41
7.20 8.92
3.46 9.48
-4.66 -5.15
6.56 -1.97
-3.08 -1.65
1.62 -8.50
-7.65 5.69
8.49 -6.67
3.15 2.48
4.71 5.19
0.30 5.43
-7.63 -8.06
-2.92 6.85
8.90 6.86
4.34 3.71
4.27 1.54
2.64 -2.28
1.02 6.98
1.57 -2.42
-5.00 7.49
4.92 5.63
7.99 6.27
1.32 6.47
8.59 -5.54
-1.05 3.30
8.66 8.25
-1.27 -8.97
9.19 4.80
6.87 8.10
1.66 1.21
1.81 -4.07
-7.25 -5.56
2.65 2.77
-8.58 -5.78
9.34 -4.58
-8.29 4.27
-8.95 8.69
0.53 1.37
5.17 -0.87
4.83 -5.88
-7.57 3.49
-7.63 0.16
3.52 -8.44
-5.04 0.39
8.66 5.62
-8.40 0.46
-8.45 -6.65
3.90 3.20
5.11 4.32
6.42 4.46
8.75 7.13
-1.28 8.80
5.82 8.26
0.16 0.99
-2.61 -5.00
4.11 -1.18
7.49 5.47
7.97 1.00
6.03 -7.07
-8.61 4.69
7.56 -8.01
-4.85 8.11
-5.66 8.05
1.31 8.45
2.38 -2.28
2.91 1.12
-5.15 -8.37
-0.08 9.67
8.89 9.08
0.65 -3.73
-5.92 -5.24
4.09 -8.43
9.23 2.06
1.57 5.27
4.00 1.96
-0.04 1.56
2.95 4.11
-0.34 6.29
2.16 9.97
4.74 -5.46
-2.31 -2.35
4.66 1.54
-1.71 -5.42
1.21 -2.82
-6.34 -8.14
2.45 -3.26
-4.38 -3.46
-2.69 -5.14
7.61 7.87
9.13 1.60
-0.17 -0.92
-6.84 -7.22
-6.81 1.82
8.07 4.35
1.79 2.82
7.89 8.48
9.47 2.54
