3.44 -6.36
9.32 -1.91
-2.22 -6.87
1.70 1.02
0.90 5.61
7.37 -8.24
3.48 -1.90
2.78 -8.68
5.62 -2.81
3.40 3.70
6.26 8.32
-2.85 7.31
-1.81 -2.42
1.58 -5.17
0.15 5.41
-6.94 -6.41
8.05 -7.62
0.68 -4.18
-5.48 -7.62
5.84 4.42
6.98 3.21
5.18 0.46
-8.68 -2.04
4.15 -5.82
-0.36 0.41
-7.51 5.79
-2.28 -0.32
-6.63 8.30
3.51 2.52
3.71 5.57
5.11 1.76
6.96 -4.22
6.58 -8.53
-2.84 2.43
4.89 -5.85
-4.36 0.07
3.61 -4.04
7.02 -5.61
-8.10 1.17
-2.44 0.54
-8.41 -0.94
-3.67 -1.69
7.74 -1.30
-3.39 1.25
-8.78 9.32
-3.17 5.33
1.08 -6.22
-5.74 -2.72
9.09 8.15
0.42 -5.27
-1.78 -5.97
-0.31 -4.76
-8.87 6.00
-6.96 -3.54
-5.70 9.78
4.16 -0.08
1.03 4.38
-0.76 6.85
-0.29 9.32
9.64 -0.18
-3.01 -6.10
6.10 -3.92
-7.95 -3.48
-0.19 -0.74
-0.45 8.50
-0.91 -1.09
-5.09 1.97
4.68 -1.78
1.75 -1.17
7.13 -7.22
8.63 1.93
-4.30 8.27
-7.83 6.85
1.47 1.92
-4.91 -5.03
-2.12 3.18
2.89 6.81
-1.22 6.07
-4.98 9.53
-2.48 9.94
8.21 8.80
5.65 9.68
-7.41 8.02
-3.74 3.06
7.03 6.81
-6.47 -0.08
3.62 -5.08
-3.28 -7.60
9.99 0.74
-8.06 -5.10
1.89 -6.76
1.02 8.41
-6.82 -0.94
0.63 -8.61
9.77 -6.49
3.23 -7.64
-8.48 8.49
-1.16 1.45
-2.74 1.36
-2.87 -2.35
8.26 6.77
-1.96 -3.88
0.31 -2.19
-7.97 -6.42
8.61 -0.13
-8.77 4.41
-4.24 5.52
0.80 7.33
-3.95 3.73
-8.62 7.44
9.34 -7.17
1.70 -8.97
-6.17 1.94
4.63 7.26
2.27 -6.11
-6.15 7.45
-4.56 -3.59
-5.91 5.95
0.12 6.72
-4.70 -1.55
-4.30 0.76
-7.17 1.94
-1.92 8.45
5.47 -8.81
4.04 9.91
-3.40 -0.25
-3.73 -6.32
8.15 -5.38
2.77 2.05
-1.23 4.67
-6.89 -5.07
2.01 -2.18
4.69 3.83
2.28 6.10
8.35 -2.25
6.29 2.39
-7.86 -2.75
-4.90 -2.59
-0.07 -6.76
1.03 -7.30
-5.41 -6.94
3.97 -2.86
-1.69 -1.34
9.97 -2.94
0.42 2.26
-8.84 -3.34
-8.67 -7.70
2.91 -4.57
-1.29 -7.16
-6.55 -1.86
7.17 8.16
5.69 -0.78
6.99 5.53
6.28 7.15
8.45 4.11
-4.10 9.50
0.86 0.51
4.94 5.16
9.14 3.74
9.43 4.83
2.67 8.94
-4.43 4.54
-3.21 -3.39
3.96 -1.13
5.72 -6.85
2.68 -3.42
2.66 -2.38
-8.64 -8.83
9.30 1.82
1.88 -3.91
6.93 0.49
-7.34 -8.85
9.73 -1.09
7.50 9.03
-4.89 7.16
-8.04 1.94
8.37 -6.96
-6.82 4.93
3.91 -7.09
9.07 -4.74
-5.60 -0.05
8.97 2.58
-0.14 4.37
-4.16 -2.71
-0.75 -1.98
5.99 3.18
9.08 -3.33
-0.46 -2.90
6.83 1.59
7.83 5.80
9.32 9.67
9.23 -8.47
-3.94 -7.00
7.16 4.84
2.13 3.14
-1.98 1.21
6.17 -1.65
-8.02 3.56
-1.00 7.81
2.19 9.68
3.95 1.42
-8.90 -0.09
6.04 -6.00
-7.63 -8.01
-2.16 4.54
-6.30 -8.17
5.30 -4.97
3.91 -7.88
-5.71 8.52
7.21 -3.56
-1.94 5.82
-0.55 2.46
-4.37 6.41
1.31 2.83
-6.78 6.03
-6.50 3.59
1.05 9.72
-5.31 0.99
-6.57 9.94
-5.26 -9.00
4.02 0.66
-1.32 2.98
-8.27 -4.16
1.85 4.64
-6.55 -2.77
-3.37 8.10
-1.45 -5.01
4.03 7.93
3.85 6.60
-7.91 2.75
-3.06 8.96
-0.32 1.13
0.77 -3.45
1.64 -0.38
2.42 -1.34
6.48 -3.12
9.55 -5.43
8.50 0.73
9.91 6.69
7.85 1.18
-2.50 -5.11
8.00 3.39
-0.99 -7.99
5.03 5.85
6.17 1.71
4.94 8.02
6.57 9.29
9.34 5.85
-3.94 7.41
-0.21 3.38
-7.60 0.51
-1.80 -8.62
-8.96 3.04
0.27 8.07
-5.22 7.87
-3.67 1.98
7.92 7.68
8.69 -4.03
3.98 -8.67
-7.65 -2.09
-4.40 1.96
-7.33 -7.10
-7.36 -4.35
-3.51 -4.33
-2.97 4.07
-8.93 -4.82
5.16 2.90
-7.41 8.97
-0.53 5.85
6.18 5.52
-3.64 4.49
2.75 1.36
5.85 -7.62
3.47 4.56
1.10 -1.98
4.86 -0.58
-5.39 3.40
-8.82 2.22
-1.48 0.47
-5.53 -3.47
-6.12 -5.85
-5.84 4.73
-7.70 -1.24
-8.62 -6.35
8.20 -3.14
-7.77 4.30
4.26 2.89
9.89 2.62
1.67 7.25
-6.65 -8.91
3.71 9.23
5.79 6.42
-3.36 0.49
8.33 -9.00
-6.22 -4.20
4.74 -7.21
2.86 -5.25
-1.68 9.93
9.25 7.15
0.50 1.28
-3.99 -7.97
3.14 -0.48
2.94 9.84
-2.54 -7.76
-7.76 -0.42
-0.48 -8.77
7.42 -2.61
-5.24 5.39
-0.96 -0.28
5.95 0.39
6.23 -4.81
2.21 8.09
0.61 3.48
-5.62 -5.02
5.76 9.03
-3.29 9.63
1.49 -8.29
7.49 -0.29
2.97 8.23
6.96 -1.43
7.67 -6.42
4.68 -3.07
8.97 -1.14
-3.70 -1.03
4.92 9.59
-4.47 -0.76
2.69 0.66
9.78 8.13
-3.00 -1.57
-6.23 2.69
-8.90 6.78
-2.01 7.66
-0.16 -5.92
-1.96 2.05
-5.56 -1.95
-5.34 -6.14
5.44 -1.70
-4.73 2.96
9.72 -4.04
-8.21 5.85
-4.63 -6.96
-5.49 -1.16
4.22 2.14
-3.06 6.36
4.86 4.48
-6.56 0.83
6.69 -0.29
8.45 5.06
4.80 -7.91
-7.80 9.99
-3.77 -8.73
7.30 4.17
-2.55 -8.54
-6.64 -7.43
9.23 0.61
-2.36 6.51
-1.23 -3.42
-1.55 6.93
-6.80 6.83
-3.94 -5.54
4.65 -8.62
4.29 -4.01
-2.71 -4.37
5.52 7.23
-0.95 3.94
2.70 4.78
-8.97 -4.07
1.92 -2.99
8.27 -4.70
1.11 6.45
8.26 9.56
9.98 3.83
5.15 -4.26
-0.98 -5.66
-1.21 9.22
-0.35 -3.93
8.40 -6.19
4.67 6.52
-3.23 -5.18
7.64 0.48
7.26 2.27
3.05 5.54
-4.46 -4.26
-0.27 -8.07
4.50 8.73
4.20 4.57
-5.14 6.14
8.52 6.11
2.79 2.92
-2.79 3.10
-7.67 5.06
0.71 -0.24
6.42 -6.94
7.37 9.78
0.85 -1.14
-1.03 -6.43
-5.51 -8.34
-7.23 3.36
-7.32 1.16
-1.04 -4.12
1.59 0.28
-4.65 -7.82
-0.00 10.00
-4.55 -8.81
0.63 9.07
1.76 8.83
-8.98 0.88
8.16 -8.32
8.25 2.65
2.10 3.90
-5.48 -4.34
2.04 5.33
7.27 -8.91
-1.71 -7.86
2.76 -6.87
8.84 -5.47
-2.29 -3.08
9.97 -8.63
-6.16 -0.74
7.49 -4.90
2.10 -7.63
9.99 9.31
9.05 8.86
-6.58 9.20
-8.95 5.13
-5.44 2.71
-5.11 4.56
-4.65 -5.92
-8.78 1.54
3.28 -1.17
9.96 1.72
-1.03 9.97
9.99 -2.28
4.41 -4.71
-4.73 3.73
-0.40 1.78
-7.24 -5.73
-6.82 4.27
-8.87 -5.48
-5.85 4.07
-2.93 -6.81
6.56 9.96
-6.20 -3.51
5.45 -3.51
-5.06 8.74
2.44 -0.28
-6.16 -6.64
-2.23 3.88
-1.62 -0.58
0.77 -7.95
1.02 -2.71
-2.21 9.17
0.10 7.41
7.93 -4.02
-5.82 6.78
4.98 -6.55
6.59 3.98
-1.15 -8.84
-7.98 -7.19
7.94 1.88
6.58 -2.37
-8.45 10.00
3.32 7.58
-8.88 -7.02
-8.98 3.70
9.99 -7.88
9.09 -6.24
9.10 -2.66
3.35 0.21
-0.50 5.02
-7.09 2.68
-3.90 -3.44
-1.12 -2.64
5.60 8.12
10.00 7.38
-0.07 -1.48
8.57 7.42
-3.71 6.49
1.31 3.72
-1.21 2.27
-2.69 8.17
-1.27 8.55
-7.21 -2.80
-8.13 9.26
-1.19 5.35
3.98 7.27
-7.99 -8.71
9.79 -4.71
-0.14 -7.41
5.97 1.05
6.78 -6.28
-2.34 -1.45
-6.98 -8.10
